#  E (eV)   dosup(E)     dosdw(E)   Int dos(E) EFermi =   12.043  12.043 eV
  -6.000  0.0000E+00  0.0000E+00  0.0000E+00
  -5.990  0.0000E+00  0.0000E+00  0.0000E+00
  -5.980  0.0000E+00  0.0000E+00  0.0000E+00
  -5.970  0.0000E+00  0.0000E+00  0.0000E+00
  -5.960  0.0000E+00  0.0000E+00  0.0000E+00
  -5.950  0.0000E+00  0.0000E+00  0.0000E+00
  -5.940  0.0000E+00  0.0000E+00  0.0000E+00
  -5.930  0.0000E+00  0.0000E+00  0.0000E+00
  -5.920  0.0000E+00  0.0000E+00  0.0000E+00
  -5.910  0.0000E+00  0.0000E+00  0.0000E+00
  -5.900  0.0000E+00  0.0000E+00  0.0000E+00
  -5.890  0.0000E+00  0.0000E+00  0.0000E+00
  -5.880  0.0000E+00  0.0000E+00  0.0000E+00
  -5.870  0.0000E+00  0.0000E+00  0.0000E+00
  -5.860  0.0000E+00  0.0000E+00  0.0000E+00
  -5.850  0.0000E+00  0.0000E+00  0.0000E+00
  -5.840  0.0000E+00  0.0000E+00  0.0000E+00
  -5.830  0.0000E+00  0.0000E+00  0.0000E+00
  -5.820  0.0000E+00  0.0000E+00  0.0000E+00
  -5.810  0.0000E+00  0.0000E+00  0.0000E+00
  -5.800  0.0000E+00  0.0000E+00  0.0000E+00
  -5.790  0.0000E+00  0.0000E+00  0.0000E+00
  -5.780  0.0000E+00  0.0000E+00  0.0000E+00
  -5.770  0.0000E+00  0.0000E+00  0.0000E+00
  -5.760  0.0000E+00  0.0000E+00  0.0000E+00
  -5.750  0.0000E+00  0.0000E+00  0.0000E+00
  -5.740  0.0000E+00  0.0000E+00  0.0000E+00
  -5.730  0.0000E+00  0.0000E+00  0.0000E+00
  -5.720  0.0000E+00  0.0000E+00  0.0000E+00
  -5.710  0.0000E+00  0.0000E+00  0.0000E+00
  -5.700  0.0000E+00  0.0000E+00  0.0000E+00
  -5.690  0.0000E+00  0.0000E+00  0.0000E+00
  -5.680  0.0000E+00  0.0000E+00  0.0000E+00
  -5.670  0.0000E+00  0.0000E+00  0.0000E+00
  -5.660  0.0000E+00  0.0000E+00  0.0000E+00
  -5.650  0.3819E+00  0.3819E+00  0.1173E-02
  -5.640  0.2602E+01  0.2602E+01  0.3708E-01
  -5.630  0.4839E+01  0.4839E+01  0.1118E+00
  -5.620  0.7456E+01  0.7456E+01  0.2304E+00
  -5.610  0.1501E+02  0.1501E+02  0.4498E+00
  -5.600  0.1814E+02  0.1814E+02  0.7815E+00
  -5.590  0.1437E+02  0.1437E+02  0.1201E+01
  -5.580  0.8212E+01  0.8211E+01  0.1417E+01
  -5.570  0.5631E+01  0.5631E+01  0.1553E+01
  -5.560  0.4133E+01  0.4133E+01  0.1649E+01
  -5.550  0.3246E+01  0.3246E+01  0.1723E+01
  -5.540  0.2543E+01  0.2543E+01  0.1780E+01
  -5.530  0.2079E+01  0.2079E+01  0.1826E+01
  -5.520  0.1703E+01  0.1703E+01  0.1864E+01
  -5.510  0.1410E+01  0.1410E+01  0.1895E+01
  -5.500  0.1145E+01  0.1145E+01  0.1921E+01
  -5.490  0.9388E+00  0.9388E+00  0.1941E+01
  -5.480  0.7600E+00  0.7600E+00  0.1958E+01
  -5.470  0.6332E+00  0.6332E+00  0.1973E+01
  -5.460  0.4564E+00  0.4564E+00  0.1983E+01
  -5.450  0.3318E+00  0.3318E+00  0.1991E+01
  -5.440  0.2571E+00  0.2571E+00  0.1998E+01
  -5.430  0.3933E-01  0.3933E-01  0.2000E+01
  -5.420  0.1058E-01  0.1059E-01  0.2000E+01
  -5.410  0.2490E+01  0.2490E+01  0.2025E+01
  -5.400  0.4624E+01  0.4624E+01  0.2097E+01
  -5.390  0.7246E+01  0.7247E+01  0.2214E+01
  -5.380  0.1242E+02  0.1242E+02  0.2405E+01
  -5.370  0.3153E+02  0.3153E+02  0.2816E+01
  -5.360  0.2955E+02  0.2955E+02  0.3445E+01
  -5.350  0.2555E+02  0.2555E+02  0.4000E+01
  -5.340  0.2297E+02  0.2297E+02  0.4483E+01
  -5.330  0.2025E+02  0.2025E+02  0.4906E+01
  -5.320  0.1823E+02  0.1823E+02  0.5346E+01
  -5.310  0.2356E+02  0.2356E+02  0.5688E+01
  -5.300  0.5032E+01  0.5032E+01  0.5909E+01
  -5.290  0.6401E+01  0.6402E+01  0.6013E+01
  -5.280  0.1212E+02  0.1212E+02  0.6213E+01
  -5.270  0.1459E+02  0.1459E+02  0.6475E+01
  -5.260  0.2265E+02  0.2265E+02  0.6851E+01
  -5.250  0.2065E+02  0.2065E+02  0.7240E+01
  -5.240  0.1873E+02  0.1873E+02  0.7686E+01
  -5.230  0.1422E+02  0.1422E+02  0.7959E+01
  -5.220  0.5224E+02  0.5224E+02  0.8540E+01
  -5.210  0.2888E+02  0.2887E+02  0.9511E+01
  -5.200  0.1163E+02  0.1163E+02  0.9880E+01
  -5.190  0.1122E+00  0.1121E+00  0.1000E+02
  -5.180  0.0000E+00  0.0000E+00  0.1000E+02
  -5.170  0.0000E+00  0.0000E+00  0.1000E+02
  -5.160  0.0000E+00  0.0000E+00  0.1000E+02
  -5.150  0.0000E+00  0.0000E+00  0.1000E+02
  -5.140  0.0000E+00  0.0000E+00  0.1000E+02
  -5.130  0.0000E+00  0.0000E+00  0.1000E+02
  -5.120  0.0000E+00  0.0000E+00  0.1000E+02
  -5.110  0.0000E+00  0.0000E+00  0.1000E+02
  -5.100  0.0000E+00  0.0000E+00  0.1000E+02
  -5.090  0.0000E+00  0.0000E+00  0.1000E+02
  -5.080  0.0000E+00  0.0000E+00  0.1000E+02
  -5.070  0.0000E+00  0.0000E+00  0.1000E+02
  -5.060  0.0000E+00  0.0000E+00  0.1000E+02
  -5.050  0.0000E+00  0.0000E+00  0.1000E+02
  -5.040  0.0000E+00  0.0000E+00  0.1000E+02
  -5.030  0.0000E+00  0.0000E+00  0.1000E+02
  -5.020  0.0000E+00  0.0000E+00  0.1000E+02
  -5.010  0.0000E+00  0.0000E+00  0.1000E+02
  -5.000  0.0000E+00  0.0000E+00  0.1000E+02
